# Step COM1_x COM1_y COM1_z COM2_x COM2_y COM2_z disp1 disp2
1 105.003916 110.001851 111.476174 110.603882 104.687624 112.926299 0.000000 0.000000
2 105.150662 110.154236 111.579809 110.417267 104.573839 112.813216 0.235575 0.246090
3 105.313953 110.252031 111.632630 110.248499 104.445477 112.699829 0.428008 0.486026
4 105.505406 110.356118 111.700548 110.100321 104.385087 112.652039 0.653713 0.648322
5 105.620196 110.478901 111.738365 109.933651 104.262423 112.532328 0.822266 0.886126
6 105.768072 110.569115 111.809903 109.759691 104.203972 112.473307 1.008513 1.073210
7 105.890173 110.679046 111.879945 109.531580 104.084510 112.395447 1.186202 1.339919
8 106.036207 110.797813 111.992455 109.350641 103.978979 112.300691 1.402044 1.569770
9 106.213529 110.917645 112.111833 109.186565 103.861957 112.184537 1.644964 1.800202
10 106.371510 111.013675 112.199763 109.009600 103.741667 112.127197 1.848697 2.018696
11 106.539020 111.150096 112.324152 108.848538 103.641745 112.088715 2.096206 2.208312
12 106.673275 111.215053 112.378584 108.658582 103.461138 111.984598 2.252323 2.485007
13 106.855378 111.362193 112.433554 108.445434 103.345979 111.884007 2.488980 2.746868
14 107.027867 111.476245 112.497783 108.292813 103.231844 111.797206 2.704422 2.955535
15 107.150304 111.557430 112.531417 108.117683 103.117645 111.696984 2.853129 3.187042
16 107.347055 111.685891 112.655404 107.959033 103.044313 111.613386 3.117190 3.379266
17 107.521088 111.768670 112.757046 107.829562 102.938624 111.550844 3.331432 3.556364
18 107.681702 111.866580 112.875046 107.703086 102.815866 111.445930 3.550295 3.756273
19 107.826548 112.003633 112.896543 107.551975 102.720627 111.406348 3.740566 3.936174
20 108.007778 112.121941 112.928857 107.387454 102.628394 111.348387 3.953259 4.132269
21 108.179814 112.222944 112.979651 107.234046 102.497203 111.231049 4.156925 4.362065
22 108.303158 112.333938 113.085895 107.057069 102.374967 111.163286 4.349118 4.586554
23 108.469955 112.434980 113.161252 106.879720 102.269949 111.052831 4.557744 4.819173
24 108.605235 112.562657 113.238655 106.713197 102.129360 110.979579 4.757475 5.046966
25 108.762574 112.671235 113.332334 106.551522 102.007828 110.885553 4.969753 5.269495
26 108.870746 112.742080 113.355542 106.394076 101.881248 110.802644 5.098358 5.487087
27 109.017169 112.828273 113.455033 106.281266 101.758889 110.731906 5.292518 5.663732
28 109.190089 112.953295 113.562926 106.144848 101.663941 110.694122 5.530787 5.831660
29 109.356576 113.092013 113.706778 105.959907 101.573903 110.600841 5.785356 6.055536
30 109.504881 113.246277 113.790488 105.763838 101.495891 110.531799 6.011741 6.272704
31 109.679237 113.395001 113.873197 105.630987 101.402331 110.454355 6.254424 6.452390
32 109.834541 113.514212 113.954988 105.500453 101.291298 110.404167 6.466540 6.628814
33 110.051344 113.643612 114.049463 105.416175 101.222691 110.324352 6.735040 6.759304
34 110.230017 113.804042 114.148839 105.275284 101.096940 110.258681 6.993706 6.957237
35 110.378558 113.892109 114.224830 105.107344 101.015550 110.198951 7.181642 7.150839
36 110.574180 114.033265 114.315677 104.931517 100.927349 110.104178 7.439282 7.367480
37 110.715216 114.126795 114.397907 104.810319 100.853927 110.038819 7.626967 7.523307
38 110.847155 114.232444 114.507171 104.628547 100.747452 109.910693 7.824851 7.766819
39 110.992141 114.325800 114.561050 104.426796 100.601392 109.787437 8.004489 8.044012
40 111.155399 114.446082 114.663780 104.258531 100.485531 109.701435 8.231207 8.265641
41 111.349603 114.590800 114.761584 104.066386 100.377464 109.643846 8.492356 8.490632
42 111.488348 114.682191 114.833326 103.902961 100.265527 109.561779 8.673172 8.705015
43 111.640197 114.763887 114.862451 103.694937 100.132131 109.478802 8.842177 8.965003
44 111.809148 114.884360 114.990077 103.578711 100.017155 109.412920 9.082819 9.138388
45 111.982844 114.955374 115.078142 103.422418 99.930968 109.311700 9.285311 9.341549
46 112.093886 115.029477 115.161523 103.270527 99.822738 109.248763 9.440683 9.537792
47 112.238945 115.118246 115.211188 103.135802 99.694430 109.137645 9.616313 9.749775
48 112.420661 115.221779 115.301516 103.002863 99.560413 109.041274 9.843220 9.957771
49 112.551338 115.357959 115.402972 102.834438 99.495495 108.978405 10.053417 10.144375
50 112.712839 115.455939 115.464453 102.663585 99.390619 108.844184 10.250899 10.381245
51 112.857971 115.595429 115.493610 102.487015 99.277774 108.754717 10.445769 10.609058
52 113.017820 115.754502 115.620747 102.335432 99.197301 108.698591 10.700146 10.788162
53 113.178772 115.892233 115.758653 102.182133 99.102131 108.668904 10.948265 10.965811
54 113.354645 115.989915 115.846619 102.033094 98.999598 108.617559 11.166574 11.152457
55 113.471596 116.066111 115.872065 101.863749 98.841172 108.574884 11.304898 11.380059
56 113.592759 116.156975 115.968885 101.728187 98.719196 108.480578 11.482083 11.582941
57 113.764885 116.275389 116.066464 101.604085 98.623797 108.412426 11.712498 11.753357
58 113.894375 116.417662 116.134233 101.411654 98.482277 108.322909 11.912195 12.008106
59 114.061646 116.544933 116.212102 101.265521 98.381922 108.286158 12.136037 12.185966
60 114.224285 116.614550 116.299874 101.077708 98.232994 108.171121 12.329277 12.450782
61 114.379494 116.674572 116.349099 100.891125 98.143117 108.106779 12.496882 12.664754
62 114.567496 116.742787 116.403635 100.712441 98.068558 108.034799 12.695754 12.867767
63 114.685660 116.887018 116.463661 100.577882 98.012617 107.969811 12.884747 13.024714
64 114.866037 117.014663 116.581565 100.454452 97.929020 107.902562 13.134153 13.188161
65 115.045076 117.128295 116.636391 100.264158 97.807962 107.831862 13.350615 13.423596
66 115.208653 117.195803 116.699374 100.069512 97.689826 107.728619 13.534084 13.673259
67 115.395202 117.324259 116.772978 99.889907 97.619708 107.661985 13.771441 13.872912
68 115.558659 117.399747 116.885239 99.743768 97.479889 107.550079 13.978178 14.099548
69 115.749938 117.536297 116.970074 99.605085 97.419006 107.472607 14.227713 14.267064
70 115.884791 117.621691 117.029759 99.444264 97.315355 107.353706 14.397837 14.489349
71 116.030230 117.674663 117.070164 99.286759 97.183927 107.273973 14.551439 14.708213
72 116.142799 117.764139 117.129195 99.118814 97.074353 107.170498 14.706613 14.933115
73 116.271840 117.854527 117.203399 98.915633 96.985421 107.078624 14.880583 15.170181
74 116.434903 117.915925 117.273994 98.788756 96.922429 106.998034 15.063689 15.331007
75 116.607343 118.040417 117.387815 98.657448 96.896496 106.937990 15.303776 15.468640
76 116.764332 118.142686 117.473842 98.525027 96.772190 106.845475 15.509758 15.669373
77 116.921831 118.249414 117.559733 98.359896 96.684246 106.763067 15.718419 15.873080
78 117.122206 118.358250 117.650603 98.223935 96.598991 106.711627 15.962642 16.040924
79 117.301809 118.434090 117.713441 98.050971 96.501289 106.626712 16.163054 16.256582
80 117.489142 118.516882 117.779581 97.900310 96.429411 106.532987 16.374357 16.445463
81 117.644740 118.643279 117.885090 97.729978 96.362485 106.476783 16.599365 16.632546
82 117.778131 118.780485 117.933875 97.522756 96.248115 106.367451 16.791274 16.892592
83 117.907674 118.879822 117.990949 97.321614 96.073414 106.273699 16.963715 17.172081
84 118.056942 118.995856 118.056813 97.166682 95.952748 106.177787 17.163287 17.389618
85 118.262477 119.137687 118.178352 97.027105 95.843095 106.080930 17.440531 17.590158
86 118.484282 119.295063 118.302427 96.844557 95.763265 106.025196 17.739273 17.792932
87 118.614824 119.348753 118.393478 96.678123 95.656602 105.973849 17.901690 17.995074
88 118.792629 119.479722 118.479331 96.509443 95.549804 105.927004 18.138436 18.197338
89 118.963558 119.592252 118.534301 96.363577 95.429392 105.829582 18.348421 18.408273
90 119.163967 119.729274 118.635376 96.249696 95.350491 105.773861 18.611393 18.557535
91 119.315547 119.786613 118.708431 96.078134 95.231692 105.718533 18.784831 18.771358
92 119.481454 119.872055 118.748803 95.877259 95.087636 105.577008 18.971325 19.053747
93 119.641609 120.003286 118.853145 95.738238 94.996160 105.489103 19.201834 19.241199
94 119.848213 120.132344 118.977680 95.562826 94.878129 105.400633 19.474410 19.470367
95 119.964140 120.261832 119.057018 95.402707 94.749932 105.292227 19.660740 19.700571
96 120.162347 120.397845 119.183524 95.221696 94.706692 105.201686 19.931331 19.897244
97 120.306791 120.506688 119.254106 95.050785 94.571209 105.118643 20.125253 20.129585
98 120.482399 120.585914 119.335449 94.898178 94.439595 105.042864 20.331602 20.343053
99 120.630911 120.649500 119.375984 94.694543 94.299066 104.989161 20.493473 20.591925
100 120.798428 120.746544 119.473448 94.539771 94.195388 104.919712 20.709211 20.790578
