; DNA bonds file (generated by dts_generate)
; Global bond parameters:
; k_stretch = 1000
; l0 = 0.472
; k_angle = 20
; theta0 = 0
; Number of chains: 1
; Format: v1 v2 [k_stretch] [l0] (if k_stretch and l0 are in header, only v1 v2 needed)

1371 1772
1772 829
829 1405
1405 1634
1634 1032
1032 1797
1797 1505
1505 674
674 705
705 290
290 1326
1326 1260
1260 1961
1961 1713
1713 780
780 1537
1537 231
231 220
220 1561
1561 1130
1130 958
958 678
678 1813
1813 161
161 1167
1167 966
966 53
53 1082
1082 878
878 1647
1647 517
517 141
141 579
579 653
653 1119
1119 756
756 916
916 598
598 1768
1768 1264
1264 1204
1204 27
27 1719
1719 801
801 285
285 599
599 737
737 1442
1442 444
444 1462
1462 1997
1997 1187
1187 532
532 1975
1975 1238
1238 1427
1427 735
735 1141
1141 1246
1246 82
82 1981
1981 568
568 1207
1207 1706
1706 1982
1982 1027
1027 113
113 85
85 117
117 754
754 838
838 1022
1022 1488
1488 261
261 699
699 774
774 630
630 1421
1421 1451
1451 721
721 1586
1586 1208
1208 8
8 1175
1175 1481
1481 272
272 288
288 1939
1939 314
314 1506
1506 84
84 748
748 1919
1919 1341
1341 866
866 1832
1832 29
29 205
205 658
658 746
746 583
583 1607
1607 1650
1650 1511
1511 1066
1066 1212
1212 929
929 416
416 1058
1058 1676
1676 1078
1078 542
542 274
274 1874
1874 403
403 1601
1601 1608
1608 1761
1761 1615
1615 1709
1709 193
193 99
99 1043
1043 1671
1671 564
564 619
619 1269
1269 556
556 789
789 1822
1822 1721
1721 93
93 1062
1062 884
884 1866
1866 390
390 50
50 1707
1707 1595
1595 1597
1597 1753
1753 1920
1920 1398
1398 629
629 1712
1712 1894
1894 778
778 1562
1562 1337
1337 1556
1556 1059
1059 1004
1004 1034
1034 1654
1654 1181
1181 175
175 858
858 1290
1290 421
421 459
459 1932
1932 872
872 1914
1914 1599
1599 1283
1283 1038
1038 1584
1584 637
637 997
997 741
741 1233
1233 61
61 1354
1354 1054
1054 1757
1757 339
339 1148
1148 1985
1985 949
949 420
420 429
429 186
186 81
81 724
724 942
942 1834
1834 130
130 408
408 1948
1948 1118
1118 1980
1980 897
897 1685
1685 663
663 843
843 105
105 253
253 1946
1946 189
189 1651
1651 1672
1672 1010
1010 1042
1042 1557
1557 1089
1089 1910
1910 295
295 1179
1179 1990
1990 1472
1472 467
467 1532
1532 294
294 368
368 51
51 1164
1164 1788
1788 1325
1325 1528
1528 485
485 1453
1453 1420
1420 1666
1666 1830
1830 242
242 606
606 508
508 1998
1998 1767
1767 1006
1006 628
628 749
749 1063
1063 1810
1810 668
668 1529
1529 712
712 551
551 1020
1020 753
753 574
574 1052
1052 537
537 1097
1097 1591
1591 716
716 1724
1724 1316
1316 848
848 729
729 69
69 235
235 64
64 316
316 1935
1935 967
967 1749
1749 1201
1201 1081
1081 1382
1382 1482
1482 1748
1748 636
636 60
60 178
178 25
25 1503
1503 1569
1569 333
333 1696
1696 1551
1551 1002
1002 1314
1314 229
229 1531
1531 54
54 1231
1231 980
980 852
852 495
495 675
675 837
837 1837
1837 943
943 1992
1992 580
580 1660
1660 187
187 828
828 361
361 145
145 1853
1853 669
669 883
883 989
989 246
246 149
149 855
855 496
496 734
734 1343
1343 1327
1327 1484
1484 185
185 1490
1490 739
739 422
422 1281
1281 690
690 1057
1057 984
984 1278
1278 1829
1829 995
995 62
62 1467
1467 1619
1619 1953
1953 498
498 1033
1033 1037
1037 1602
1602 1799
1799 761
761 1302
1302 1958
1958 1827
1827 931
931 810
810 1776
1776 911
911 1465
1465 1903
1903 1887
1887 1191
1191 765
765 1636
1636 1744
1744 786
786 1643
1643 932
932 39
39 1193
1193 213
213 397
397 771
771 1356
1356 833
833 315
315 1891
1891 452
452 24
24 817
817 70
70 1035
1035 1377
1377 219
219 188
188 482
482 1322
1322 200
200 1464
1464 238
238 510
510 1790
1790 538
538 1461
1461 115
115 474
474 895
895 573
573 1229
1229 651
651 641
641 1658
1658 571
571 1067
1067 442
442 1096
1096 1598
1598 443
443 326
326 732
732 427
427 276
276 812
812 351
351 1618
1618 1686
1686 796
796 1128
1128 1664
1664 1922
1922 1099
1099 1440
1440 277
277 1088
1088 1332
1332 66
66 378
378 111
111 297
297 1401
1401 623
623 676
676 1182
1182 1973
1973 1448
1448 281
281 920
920 1734
1734 982
982 908
908 392
392 440
440 1518
1518 867
867 1576
1576 777
777 802
802 925
925 59
59 1268
1268 834
834 1041
1041 124
124 275
275 292
292 1900
1900 1476
1476 1521
1521 1865
1865 1739
1739 1136
1136 1860
1860 1554
1554 1639
1639 1698
1698 313
313 1952
1952 731
731 971
971 1094
1094 747
747 1616
1616 1197
1197 1979
1979 1323
1323 1880
1880 784
784 1967
1967 945
945 1116
1116 742
742 1449
1449 1443
1443 1993
1993 204
204 1210
1210 1722
1722 190
190 1050
1050 109
109 589
589 1086
1086 1917
1917 847
847 1708
1708 1873
1873 708
708 1716
1716 1101
1101 1280
1280 1026
1026 604
604 1978
1978 372
372 2
2 986
986 1288
1288 1593
1593 610
610 849
849 1644
1644 471
471 233
233 1702
1702 1572
1572 1293
1293 1762
1762 1036
1036 1123
1123 1760
1760 1126
1126 818
818 880
880 1691
1691 1114
1114 1328
1328 1548
1548 1994
1994 1149
1149 937
937 1589
1589 1850
1850 1298
1298 1723
1723 1457
1457 1665
1665 1317
1317 1655
1655 979
979 639
639 1816
1816 522
522 1217
1217 1065
1065 155
155 831
831 841
841 1408
1408 371
371 344
344 1195
1195 342
342 906
906 101
101 28
28 1134
1134 1299
1299 947
947 1227
1227 490
490 1577
1577 163
163 1501
1501 254
254 1846
1846 1793
1793 1515
1515 1941
1941 1852
1852 1632
1632 309
309 176
176 1898
1898 131
131 1867
1867 1151
1151 592
592 819
819 1884
1884 1156
1156 1104
1104 901
901 1287
1287 1524
1524 1249
1249 701
701 304
304 1080
1080 1292
1292 1995
1995 870
870 1131
1131 1507
1507 1297
1297 516
516 1964
1964 1701
1701 1435
1435 1132
1132 83
83 608
608 321
321 469
469 1523
1523 197
197 1090
1090 308
308 1353
1353 1072
1072 1546
1546 1628
1628 1289
1289 307
307 1369
1369 681
681 960
960 1025
1025 122
122 1915
1915 824
824 267
267 250
250 1028
1028 714
714 1077
1077 941
941 1930
1930 1801
1801 1117
1117 1014
1014 787
787 1384
1384 1087
1087 1617
1617 1046
1046 994
994 386
386 1785
1785 974
974 1534
1534 1566
1566 1391
1391 1374
1374 1178
1178 968
968 1541
1541 671
671 667
667 1370
1370 876
876 720
720 1445
1445 334
334 1113
1113 470
470 1763
1763 227
227 1480
1480 755
755 1389
1389 718
718 1346
1346 230
230 1190
1190 1732
1732 480
480 1015
1015 760
760 1609
1609 1573
1573 1861
1861 877
877 1869
1869 1578
1578 745
745 1309
1309 939
939 664
664 154
154 710
710 1285
1285 355
355 278
278 445
445 594
594 1363
1363 1150
1150 544
544 362
362 1770
1770 1878
1878 1139
1139 226
226 946
946 1386
1386 1222
1222 1225
1225 224
224 1438
1438 903
903 677
677 823
823 1705
1705 1273
1273 1428
1428 794
794 1460
1460 578
578 706
706 1504
1504 614
614 451
451 1349
1349 1286
1286 1244
1244 1950
1950 963
963 1221
1221 1720
1720 702
702 1668
1668 328
328 1955
1955 1133
1133 1168
1168 717
717 751
751 38
38 1519
1519 1021
1021 1943
1943 985
985 569
569 1417
1417 126
126 769
769 924
924 1174
1174 195
195 198
198 1550
1550 881
881 1446
1446 502
502 216
216 1434
1434 1259
1259 365
365 853
853 366
366 1471
1471 1681
1681 1135
1135 1901
1901 640
640 218
218 152
152 63
63 1477
1477 856
856 436
436 1945
1945 208
208 446
446 86
86 1085
1085 1924
1924 1839
1839 576
576 1766
1766 388
388 1400
1400 1479
1479 1904
1904 649
649 488
488 703
703 228
228 970
970 593
593 554
554 1194
1194 1547
1547 322
322 1902
1902 127
127 625
625 497
497 799
799 320
320 1728
1728 1778
1778 993
993 88
88 1184
1184 22
22 14
14 633
633 533
533 271
271 950
950 1933
1933 1635
1635 1885
1885 1947
1947 1262
1262 539
539 1820
1820 244
244 1452
1452 1279
1279 783
783 1331
1331 129
129 1821
1821 531
531 507
507 909
909 21
21 268
268 803
803 0
0 1245
1245 1266
1266 1257
1257 1633
1633 169
169 520
520 42
42 648
648 611
611 400
400 1237
1237 3
3 835
835 249
249 1857
1857 996
996 1183
1183 192
192 691
691 312
312 1439
1439 1840
1840 1431
1431 118
118 1061
1061 1868
1868 582
582 1012
1012 1670
1670 696
696 1592
1592 43
43 1243
1243 548
548 35
35 1373
1373 1642
1642 1687
1687 1274
1274 503
503 1387
1387 566
566 36
36 387
387 603
603 1679
1679 212
212 1459
1459 1463
1463 546
546 1001
1001 781
781 1335
1335 1275
1275 687
687 1270
1270 1051
1051 797
797 350
350 79
79 962
962 494
494 1583
1583 1968
1968 1267
1267 1380
1380 711
711 1218
1218 1983
1983 1956
1956 1740
1740 1680
1680 815
815 622
622 1324
1324 1108
1108 239
239 1305
1305 73
73 1496
1496 296
296 1843
1843 1045
1045 282
282 1483
1483 961
961 1682
1682 1399
1399 650
650 907
907 830
830 1163
1163 262
262 1418
1418 1800
1800 1159
1159 1248
1248 1415
1415 433
433 525
525 13
13 1727
1727 411
411 465
465 1291
1291 430
430 1069
1069 501
501 1499
1499 1360
1360 1308
1308 1653
1653 203
203 836
836 972
972 536
536 487
487 1303
1303 255
255 618
618 790
790 1120
1120 1661
1661 1966
1966 383
383 1300
1300 1048
1048 1146
1146 1725
1725 727
727 96
96 504
504 1907
1907 1798
1798 1003
1003 1629
1629 1336
1336 602
602 1315
1315 407
407 1565
1565 393
393 1560
1560 1854
1854 1937
1937 1161
1161 1447
1447 990
990 919
919 1230
1230 1886
1886 1656
1656 935
935 722
722 893
893 1320
1320 1362
1362 353
353 1271
1271 182
182 1678
1678 1241
1241 1818
1818 825
825 367
367 1071
1071 1029
1029 1450
1450 65
65 981
981 541
541 692
692 1692
1692 1357
1357 448
448 133
133 1301
1301 1746
1746 512
512 1122
1122 1605
1605 352
352 1064
1064 472
472 1070
1070 936
936 245
245 413
413 597
597 1640
1640 631
631 87
87 477
477 922
922 1154
1154 1093
1093 1295
1295 237
237 1699
1699 1755
1755 1620
1620 20
20 1137
1137 1251
1251 1769
1769 104
104 311
311 1165
1165 821
821 1121
1121 865
865 1060
1060 632
632 434
434 1835
1835 476
476 1330
1330 32
32 486
486 891
891 396
396 832
832 621
621 793
793 804
804 298
298 1858
1858 12
12 726
726 1792
1792 425
425 439
439 240
240 1604
1604 418
418 123
123 95
95 1306
1306 1977
1977 1514
1514 1553
1553 137
137 1390
1390 1789
1789 1600
1600 851
851 689
689 1836
1836 194
194 928
928 1358
1358 1413
1413 1030
1030 695
695 523
523 859
859 1703
1703 670
670 723
723 1352
1352 826
826 346
346 1129
1129 1726
1726 1321
1321 299
299 545
545 191
191 1404
1404 18
18 75
75 1296
1296 1157
1157 698
698 1579
1579 30
30 991
991 609
609 1091
1091 860
860 912
912 615
615 524
524 965
965 1742
1742 417
417 327
327 1817
1817 733
733 779
779 1773
1773 1603
1603 590
590 644
644 1751
1751 1173
1173 475
475 1890
1890 473
473 844
844 588
588 807
807 1936
1936 1808
1808 156
156 1555
1555 1403
1403 1847
1847 1775
1775 1023
1023 1284
1284 1648
1648 399
399 168
168 1612
1612 1272
1272 1543
1543 1103
1103 103
103 379
379 1986
1986 1489
1489 1254
1254 376
376 509
509 1075
1075 1372
1372 37
37 336
336 1745
1745 850
850 1652
1652 719
719 1498
1498 1931
1931 1485
1485 259
259 1815
1815 1717
1717 1535
1535 693
693 318
318 1623
1623 767
767 1881
1881 1318
1318 956
956 6
6 1311
1311 758
758 1470
1470 15
15 1495
1495 1974
1974 499
499 620
620 857
857 1558
1558 438
438 1235
1235 587
587 1580
1580 666
666 1176
1176 52
52 1864
1864 273
273 119
119 426
426 1375
1375 1590
1590 1073
1073 725
725 1694
1694 202
202 97
97 410
410 555
555 370
370 162
162 534
534 1100
1100 1333
1333 1263
1263 1693
1693 792
792 1923
1923 110
110 567
567 1588
1588 1614
1614 1366
1366 887
887 1423
1423 894
894 607
607 1486
1486 432
432 1112
1112 1841
1841 1606
1606 1844
1844 788
788 1192
1192 1111
1111 1076
1076 464
464 247
247 1718
1718 1715
1715 1965
1965 180
180 975
975 1984
1984 526
526 983
983 1236
1236 757
757 300
300 764
764 319
319 1587
1587 1596
1596 1310
1310 1819
1819 1823
1823 404
404 151
151 92
92 776
776 1771
1771 419
419 785
785 1138
1138 890
890 68
68 1976
1976 158
158 898
898 1253
1253 1942
1942 1017
1017 1522
1522 147
147 707
707 1414
1414 1741
1741 1115
1115 1142
1142 684
684 77
77 1893
1893 1152
1152 94
94 988
988 1338
1338 1540
1540 1198
1198 1307
1307 1155
1155 332
332 23
23 142
142 1106
1106 1376
1376 882
882 1049
1049 1185
1185 973
973 1153
1153 1927
1927 1166
1166 1585
1585 987
987 646
646 1468
1468 1559
1559 1107
1107 584
584 134
134 1395
1395 409
409 1203
1203 5
5 1786
1786 519
519 547
547 1294
1294 744
744 1828
1828 201
201 1928
1928 773
773 1334
1334 775
775 136
136 1710
1710 44
44 210
210 905
905 1351
1351 340
340 1516
1516 1509
1509 1892
1892 1906
1906 800
800 225
225 1502
1502 673
673 293
293 441
441 1783
1783 1999
1999 1883
1883 814
814 1804
1804 1433
1433 886
886 234
234 1855
1855 892
892 481
481 1228
1228 1313
1313 1567
1567 1158
1158 1673
1673 846
846 458
458 11
11 1895
1895 1145
1145 875
875 1971
1971 108
108 150
150 280
280 806
806 1649
1649 558
558 730
730 1674
1674 1539
1539 1364
1364 214
214 1859
1859 287
287 768
768 506
506 1582
1582 948
948 454
454 1683
1683 899
899 1747
1747 389
389 76
76 1918
1918 1622
1622 241
241 1200
1200 1533
1533 91
91 1397
1397 1379
1379 1196
1196 112
112 822
822 1473
1473 888
888 1536
1536 183
183 462
462 1700
1700 1575
1575 1899
1899 1402
1402 279
279 1730
1730 120
120 934
934 1226
1226 1675
1675 864
864 1095
1095 1594
1594 873
873 500
500 1989
1989 301
301 1031
1031 349
349 58
58 493
493 1430
1430 222
222 1825
1825 657
657 260
260 1809
1809 805
805 600
600 1896
1896 634
634 217
217 1879
1879 1255
1255 642
642 382
382 106
106 1517
1517 854
854 1882
1882 374
374 33
33 1735
1735 457
457 743
743 1491
1491 1394
1394 270
270 423
423 125
125 577
577 453
453 728
728 552
552 356
356 266
266 1626
1626 337
337 921
921 1957
1957 256
256 1329
1329 7
7 1144
1144 206
206 1147
1147 1970
1970 1897
1897 484
484 456
456 1542
1542 617
617 1921
1921 428
428 811
811 1497
1497 1211
1211 286
286 1205
1205 1711
1711 1215
1215 415
415 957
957 1189
1189 405
405 317
317 763
763 1053
1053 19
19 492
492 1733
1733 1084
1084 1342
1342 992
992 289
289 736
736 1972
1972 655
655 1
1 1520
1520 1862
1862 1621
1621 1074
1074 1794
1794 264
264 160
160 1811
1811 265
265 1796
1796 148
148 284
284 1695
1695 1240
1240 1367
1367 335
335 868
868 964
964 306
306 999
999 291
291 1056
1056 1669
1669 324
324 1889
1889 1938
1938 140
140 1625
1625 1044
1044 1756
1756 1361
1361 969
969 209
209 766
766 170
170 385
385 4
4 1613
1613 1092
1092 1991
1991 896
896 364
364 325
325 1102
1102 1124
1124 391
391 177
177 1988
1988 914
914 1996
1996 401
401 1527
1527 530
530 1234
1234 78
78 1007
1007 1849
1849 1068
1068 1125
1125 402
402 1845
1845 1039
1039 1610
1610 553
553 1393
1393 842
842 1383
1383 252
252 1807
1807 251
251 1563
1563 654
654 1083
1083 795
795 1645
1645 369
369 138
138 1737
1737 1833
1833 157
157 1209
1209 808
808 772
772 1422
1422 1169
1169 1960
1960 862
862 489
489 1752
1752 505
505 232
232 1791
1791 1777
1777 845
845 1951
1951 34
34 562
562 406
406 570
570 1750
1750 616
616 1016
1016 1552
1552 1202
1202 1876
1876 1805
1805 1458
1458 933
933 1425
1425 1564
1564 174
174 121
121 10
10 662
662 1916
1916 1216
1216 1350
1350 1478
1478 431
431 1188
1188 1875
1875 565
565 874
874 491
491 1347
1347 1774
1774 839
839 529
529 1549
1549 613
613 927
927 102
102 863
863 913
913 1312
1312 1624
1624 1631
1631 1690
1690 1630
1630 1008
1008 1416
1416 954
954 879
879 521
521 1407
1407 770
770 601
601 236
236 479
479 381
381 46
46 384
384 55
55 1826
1826 132
132 682
682 159
159 1412
1412 172
172 358
358 1223
1223 1319
1319 1261
1261 1571
1571 223
223 135
135 1378
1378 926
926 861
861 207
207 1667
1667 302
302 1247
1247 1469
1469 816
816 1466
1466 310
310 1348
1348 437
437 1870
1870 557
557 1959
1959 181
181 1940
1940 1688
1688 1492
1492 1474
1474 221
221 1963
1963 171
171 263
263 435
435 889
889 1429
1429 1409
1409 1381
1381 715
715 303
303 1359
1359 45
45 1406
1406 1385
1385 1754
1754 40
40 976
976 380
380 48
48 612
612 114
114 1011
1011 955
955 1508
1508 343
343 26
26 1872
1872 98
98 809
809 1663
1663 938
938 173
173 563
563 1265
1265 1180
1180 1689
1689 1410
1410 360
360 164
164 1018
1018 1213
1213 1929
1929 1641
1641 1055
1055 1657
1657 527
527 1765
1765 1000
1000 1396
1396 605
605 591
591 1905
1905 1637
1637 885
885 575
575 1704
1704 869
869 1252
1252 47
47 338
338 468
468 952
952 447
447 661
661 1276
1276 1345
1345 1784
1784 1177
1177 740
740 1877
1877 1544
1544 840
840 1140
1140 1568
1568 697
697 1186
1186 679
679 514
514 1944
1944 211
211 572
572 1697
1697 1224
1224 1627
1627 1365
1365 348
348 330
330 1242
1242 683
683 1339
1339 1441
1441 341
341 89
89 100
100 1913
1913 463
463 1170
1170 1611
1611 398
398 686
686 1127
1127 700
700 449
449 635
635 910
910 1814
1814 1831
1831 1925
1925 685
685 827
827 1493
1493 1214
1214 1513
1513 1005
1005 1220
1220 904
904 915
915 1911
1911 1738
1738 1500
1500 1494
1494 550
550 1160
1160 1962
1962 354
354 1787
1787 1047
1047 923
923 1258
1258 900
900 424
424 561
561 1782
1782 1424
1424 944
944 953
953 1795
1795 1863
1863 373
373 41
41 67
67 1105
1105 1545
1545 902
902 959
959 165
165 74
74 1110
1110 798
798 1456
1456 535
535 166
166 1475
1475 1199
1199 1856
1856 90
90 1926
1926 515
515 1526
1526 1512
1512 1538
1538 560
560 1143
1143 951
951 1411
1411 455
455 1419
1419 1659
1659 1812
1812 930
930 1987
1987 694
694 1779
1779 665
665 248
248 143
143 1487
1487 16
16 329
329 1432
1432 1282
1282 1842
1842 1162
1162 1731
1731 1581
1581 1250
1250 1232
1232 940
940 1426
1426 782
782 483
483 511
511 871
871 977
977 395
395 1743
1743 269
269 540
540 347
347 1368
1368 1570
1570 375
375 672
672 1009
1009 377
377 791
791 1388
1388 1759
1759 1040
1040 643
643 31
31 1638
1638 1098
1098 1013
1013 528
528 1355
1355 518
518 412
412 596
596 659
659 549
549 461
461 146
146 1838
1838 215
215 762
762 179
179 978
978 72
72 1019
1019 647
647 1934
1934 1677
1677 1239
1239 345
345 49
49 1781
1781 713
713 680
680 750
750 626
626 1806
1806 1304
1304 586
586 363
363 1171
1171 478
478 128
128 17
17 595
595 738
738 1219
1219 918
918 184
184 709
709 704
704 1024
1024 107
107 414
414 1256
1256 1444
1444 466
466 1079
1079 1436
1436 460
460 688
688 627
627 450
450 56
56 331
331 645
645 813
813 1277
1277 144
144 153
153 1758
1758 585
585 1340
1340 1392
1392 1662
1662 80
80 1736
1736 258
258 1764
1764 1530
1530 116
116 1109
1109 243
243 759
759 1684
1684 1909
1909 1510
1510 139
139 305
305 656
656 357
357 1525
1525 1908
1908 1803
1803 9
9 752
752 1455
1455 71
71 513
513 394
394 1344
1344 1437
1437 1954
1954 196
196 199
199 1714
1714 638
638 257
257 1454
1454 1729
1729 1574
1574 1780
1780 1848
1848 283
283 1172
1172 167
167 1912
1912 359
359 1646
1646 998
998 1871
1871 1824
1824 660
660 543
543 1969
1969 57
57 1206
1206 652
652 1949
1949 581
581 1851
1851 820
820 1888
1888 917
917 323
323 559
559 1802
1802 624
624 1371
1371 189 ;SMC
1651 66 ;SMC
378 941 ;SMC
1930 1633 ;SMC
169 1251 ;SMC
1769 1192 ;SMC
1111 1896 ;SMC
634 927 ;SMC
102 1545 ;SMC
902 624 ;SMC
